battery_voltage_end: 3.890322685241699
battery_voltage_start: 4.00117301940918
category: tracking
crazyflie_id: CF_01
firmware_version: 2025.12.1
params:
  altitude_m: 1.0
  duration_s: 30.0
  radius_m: 1.0
  speed_mps: 0.75
recording_end_utc: 20260305T033111Z
recording_start_utc: 20260305T033029Z
repetition: 1
row_counts:
  attitude: 4075
  attitude_qw: 4096
  estimator: 4097
  estimator_acc: 4076
  imu: 4050
  motor: 4086
  pid_output: 4044
  power: 413
  setpoint: 3979
  vicon: 4229
trajectory_id: B2_circle_medium
trajectory_type: circle
