battery_voltage_end: 3.958944320678711
battery_voltage_start: 4.090909004211426
category: tracking
crazyflie_id: CF_01
firmware_version: 2025.12.1
params:
  altitude_m: 1.0
  duration_s: 30.0
  radius_m: 1.0
  speed_mps: 1.0
recording_end_utc: 20260305T034722Z
recording_start_utc: 20260305T034640Z
repetition: 1
row_counts:
  attitude: 4230
  attitude_qw: 4230
  estimator: 4230
  estimator_acc: 4231
  imu: 4230
  motor: 4231
  pid_output: 4230
  power: 423
  setpoint: 4231
  vicon: 4227
trajectory_id: B2_circle_fast
trajectory_type: circle
