battery_voltage_end: 3.879765510559082
battery_voltage_start: 3.9906158447265625
category: tracking
crazyflie_id: CF_01
firmware_version: 2025.12.1
params:
  altitude_m: 1.0
  duration_s: 30.0
  radius_x_m: 1.0
  radius_y_m: 0.4
  speed_mps: 1.0
recording_end_utc: 20260302T044843Z
recording_start_utc: 20260302T044800Z
repetition: 1
row_counts:
  attitude: 3875
  attitude_qw: 3644
  estimator: 3822
  estimator_acc: 3605
  imu: 3466
  motor: 2701
  pid_output: 3794
  power: 330
  setpoint: 3706
  vicon: 4213
trajectory_id: B7_oval_fast
trajectory_type: oval
