battery_voltage_end: 3.9483871459960938
battery_voltage_start: 4.085630416870117
category: tracking
crazyflie_id: CF_01
firmware_version: 2025.12.1
params:
  altitude_m: 1.0
  duration_s: 30.0
  radius_x_m: 1.0
  radius_y_m: 0.4
  speed_mps: 0.75
recording_end_utc: 20260302T044613Z
recording_start_utc: 20260302T044531Z
repetition: 1
row_counts:
  attitude: 3744
  attitude_qw: 3559
  estimator: 3845
  estimator_acc: 3857
  imu: 3978
  motor: 3926
  pid_output: 2777
  power: 324
  setpoint: 2991
  vicon: 4226
trajectory_id: B7_oval_medium
trajectory_type: oval
