battery_voltage_end: 3.9800586700439453
battery_voltage_start: 4.101466178894043
category: tracking
crazyflie_id: CF_01
firmware_version: 2025.12.1
params:
  altitude_m: 1.0
  duration_s: 30.0
  scale_m: 1.0
  speed_mps: 0.5
  z_amplitude_m: 0.15
recording_end_utc: 20260305T055322Z
recording_start_utc: 20260305T055240Z
repetition: 1
row_counts:
  attitude: 3755
  attitude_qw: 3581
  estimator: 3888
  estimator_acc: 3475
  imu: 3926
  motor: 3585
  pid_output: 3886
  power: 390
  setpoint: 3543
  vicon: 4228
trajectory_id: B9_trefoil_medium
trajectory_type: trefoil
