battery_voltage_end: 4.053958892822266
battery_voltage_start: 4.228152751922607
category: tracking
crazyflie_id: CF_01
firmware_version: 2025.12.1
params:
  altitude_m: 1.0
  duration_s: 30.0
  scale_m: 1.0
  speed_mps: 0.5
  z_amplitude_m: 0.15
recording_end_utc: 20260305T153446Z
recording_start_utc: 20260305T153404Z
repetition: 1
row_counts:
  attitude: 3763
  attitude_qw: 3705
  estimator: 3593
  estimator_acc: 3634
  imu: 3605
  motor: 3619
  pid_output: 2878
  power: 322
  setpoint: 3761
  vicon: 4227
trajectory_id: B9_trefoil_medium
trajectory_type: trefoil
