battery_voltage_end: 3.921994209289551
battery_voltage_start: 4.154252052307129
category: tracking
crazyflie_id: CF_01
firmware_version: 2025.12.1
params:
  altitude_m: 1.0
  duration_s: 30.0
  scale_m: 1.0
  speed_mps: 1.0
  z_amplitude_m: 0.15
recording_end_utc: 20260305T154413Z
recording_start_utc: 20260305T154331Z
repetition: 1
row_counts:
  attitude: 3597
  attitude_qw: 3381
  estimator: 3923
  estimator_acc: 3890
  imu: 3740
  motor: 3818
  pid_output: 3997
  power: 360
  setpoint: 3671
  vicon: 4225
trajectory_id: B9_trefoil_fast
trajectory_type: trefoil
