battery_voltage_end: 3.6739003658294678
battery_voltage_start: 4.228152751922607
category: tracking
crazyflie_id: CF_01
firmware_version: 2025.12.1
params:
  altitude_m: 1.0
  duration_s: 30.0
  scale_m: 1.0
  speed_mps: 1.0
  z_amplitude_m: 0.15
recording_end_utc: 20260305T152517Z
recording_start_utc: 20260305T152435Z
repetition: 1
row_counts:
  attitude: 1630
  attitude_qw: 1633
  estimator: 1594
  estimator_acc: 1716
  imu: 1697
  motor: 1587
  pid_output: 1544
  power: 170
  setpoint: 1540
  vicon: 4223
trajectory_id: B9_trefoil_fast
trajectory_type: trefoil
