battery_voltage_end: 4.069794654846191
battery_voltage_start: 4.212316989898682
category: tracking
crazyflie_id: CF_01
firmware_version: 2025.12.1
params:
  altitude_m: 1.0
  duration_s: 30.0
  scale_m: 1.0
  speed_mps: 1.0
  z_amplitude_m: 0.15
recording_end_utc: 20260305T135953Z
recording_start_utc: 20260305T135910Z
repetition: 1
row_counts:
  attitude: 3662
  attitude_qw: 3784
  estimator: 3651
  estimator_acc: 3747
  imu: 3281
  motor: 3399
  pid_output: 3191
  power: 319
  setpoint: 3738
  vicon: 4223
trajectory_id: B9_trefoil_fast
trajectory_type: trefoil
