battery_voltage_end: 3.1777126789093018
battery_voltage_start: 3.853372573852539
category: tracking
crazyflie_id: CF_01
firmware_version: 2025.12.1
params:
  altitude_m: 1.0
  duration_s: 30.0
  scale_m: 1.0
  speed_mps: 1.0
  z_amplitude_m: 0.15
recording_end_utc: 20260305T054753Z
recording_start_utc: 20260305T054711Z
repetition: 1
row_counts:
  attitude: 1178
  attitude_qw: 1042
  estimator: 1136
  estimator_acc: 1160
  imu: 1196
  motor: 1068
  pid_output: 1155
  power: 111
  setpoint: 1046
  vicon: 4228
trajectory_id: B9_trefoil_fast
trajectory_type: trefoil
