battery_voltage_end: 4.027565956115723
battery_voltage_start: 4.2017598152160645
category: tracking
crazyflie_id: CF_01
firmware_version: 2025.12.1
params:
  altitude_m: 1.0
  duration_s: 30.0
  scale_m: 1.0
  speed_mps: 1.0
  z_amplitude_m: 0.15
recording_end_utc: 20260305T153935Z
recording_start_utc: 20260305T153853Z
repetition: 1
row_counts:
  attitude: 3172
  attitude_qw: 3651
  estimator: 3572
  estimator_acc: 3476
  imu: 3211
  motor: 3526
  pid_output: 3181
  power: 348
  setpoint: 3057
  vicon: 4222
trajectory_id: B9_trefoil_fast
trajectory_type: trefoil
