battery_voltage_end: 3.066862106323242
battery_voltage_start: 4.064516067504883
category: tracking
crazyflie_id: CF_01
firmware_version: 2025.12.1
params:
  altitude_m: 1.0
  duration_s: 30.0
  scale_m: 1.0
  speed_mps: 0.5
  z_amplitude_m: 0.15
recording_end_utc: 20260305T063053Z
recording_start_utc: 20260305T063011Z
repetition: 1
row_counts:
  attitude: 3613
  attitude_qw: 3692
  estimator: 3243
  estimator_acc: 3153
  imu: 3652
  motor: 3359
  pid_output: 3169
  power: 371
  setpoint: 3339
  vicon: 4225
trajectory_id: B9_trefoil_medium
trajectory_type: trefoil
